E1 

20 hidden
percent correct:  0.9480333333333333
Confusion Matrix
 [[5754    0    8    1    8    5   33    2   47   65]
 [   3 6589   36   14    4   22    8    7   35   24]
 [  21   37 5630   19   20    7   48   44   53   79]
 [   9   17  131 5647    2  105   19   43   68   90]
 [   9   22   10    4 5186    1   98   19   17  476]
 [  25   19   28   46   11 5082   66   15   59   70]
 [  28   14   10    0   14   33 5760    1   45   13]
 [  17   22   50    9   27    2    1 5960   19  158]
 [  24   91   28   29    9   23   31    9 5537   70]
 [  20   10    1   39   31   25    5   49   32 5737]]

50 hidden
percent correct:  0.9817
Confusion Matrix
 [[5865    0   11   11    3    3   11    2    9    8]
 [   1 6661   23   14    5    4    5   14    7    8]
 [   9   24 5880    7    6    3    3   15    2    9]
 [   9   14   21 5956    4   30    2   27   28   40]
 [   5   19    7    3 5749    1   11    1    1   45]
 [   7   15    5   31    3 5326   15    2    6   11]
 [  15   15   17    5    6   26 5818    2   14    0]
 [   3   22   18    5    3    0    3 6168    3   40]
 [  22   39   15   24    6   37   15   16 5622   55]
 [  16    5    7   23    6   18    0   14    3 5857]]

100 hidden
percent correct:  0.9933666666666666
Confusion Matrix
 [[5903    0    3    1    2    0    3    0    7    4]
 [   3 6714   11    3    1    0    0    2    6    2]
 [   5    1 5936    2    1    0    0    4    4    5]
 [   2    0   13 6082    1    5    1    2    5   20]
 [   5    1    8    0 5796    0    2    0    0   30]
 [   6    3    2   10    0 5365   24    0    3    8]
 [  11    0    0    0    0   19 5884    0    3    1]
 [   1    4    6    3    2    0    0 6233    1   15]
 [  10   10    4    5    5   11    4    0 5779   23]
 [   8    2    2   14    2    4    0    3    4 5910]]

E2
Momentum = 0
percent correct:  0.9947
Confusion Matrix
 [[5902    1    3    0    1    2    6    0    6    2]
 [   1 6717    4    0    6    2    0    4    7    1]
 [   3    6 5941    0    0    1    0    4    2    1]
 [   1    2   13 6084    1    3    1    6   13    7]
 [   1    9    3    0 5818    0    3    2    1    5]
 [   3    2    4    4    1 5396    5    0    4    2]
 [   5    3    0    0    1    7 5898    0    4    0]
 [   2   15   18    0    7    1    4 6207    2    9]
 [   3    8    3    2    0    3    3    0 5826    3]
 [   5    5    1   10    7   14    0    9    5 5893]]

Momentum = 0.25
percent correct:  0.9936666666666667
Confusion Matrix
 [[5902    2    1    0    0    0    1    0   12    5]
 [   0 6699   13    6    1    1    0    2   12    8]
 [   3    3 5937    1    0    0    0    1    8    5]
 [   0    0    1 6092    0    3    0    3   13   19]
 [   2    7    3    1 5770    1    6    1    1   50]
 [   7    5    2    1    0 5385    4    0    3   14]
 [   6    6    0    0    0    6 5888    0   10    2]
 [   1   12   19    1    2    1    0 6180    7   42]
 [   1    9    0    0    0    0    0    0 5834    7]
 [   5    0    0    0    2    1    1    1    6 5933]]

Momentum = 0.5
percent correct:  0.9957
Confusion Matrix
 [[5914    0    0    0    0    1    5    0    3    0]
 [   1 6723    1    3    1    1    2    2    6    2]
 [   2    3 5946    5    0    0    0    1    1    0]
 [   0    0    2 6117    0    1    0    2    3    6]
 [   5   10    4    2 5796    0    7    1    1   16]
 [   1    1    1    8    1 5396    7    0    5    1]
 [   4    2    0    0    1    0 5910    0    1    0]
 [   3    8   10    6    0    0    1 6223    1   13]
 [   6   17    2    9    0    1    6    0 5804    6]
 [   7    1    2   13    3    2    2    4    2 5913]]

E3
25% data
percent correct:  0.9939333333333333
Confusion Matrix
 [[5893    0    4    1    0    0    6    1    5   13]
 [   1 6704   16    3    7    1    1    4    4    1]
 [   5    4 5931    5    2    0    2    2    1    6]
 [   0    1    7 6097    3    3    0    5    7    8]
 [   2    1    3    0 5822    0    1    2    0   11]
 [   3    1    5    7    0 5395    0    0    4    6]
 [   7    0    1    1    3   10 5895    0    1    0]
 [   0    4    8    0    1    0    0 6245    0    7]
 [  15   19    1   13    9   21   13    1 5744   15]
 [   5    1    0   16    8    4    0    3    2 5910]]

50% data
percent correct:  0.99295
Confusion Matrix
 [[5913    0    3    0    3    2    2    0    0    0]
 [   0 6719    6    1    6    1    1    2    2    4]
 [   6    7 5939    1    0    0    0    4    0    1]
 [   9    4    8 6081    0    7    1    6    4   11]
 [   3    5    3    0 5802    0    1    1    0   27]
 [   3    0    6    2    0 5399    5    1    2    3]
 [   5    1    0    0    1   13 5898    0    0    0]
 [   0    5    8    1    4    0    0 6237    0   10]
 [  19   38   16    5    9   26   13    6 5681   38]
 [   8    3    3    9    5    7    2    3    1 5908]]
